Image dart8 with 13 detected
Ground Truth Count: 2
TP: 2
FP: 11
FN: 0
Precision: 0.15384615384615385
Recall: 1.0
F1_score: 0.2666666666666667
